-2713
-2686
-2674
-2836
-2551
-2742
-2552
-2660
-2692
-2531
-2623
-2248
-2686
-2604
-2475
-2418
-2317
-1897
-1700
-1889
-1708
-804
-1701
-453
-576
-500
-209
304
612
933
1075
1502
1785
2140
2195
1771
1406
1404
1050
1091
1027
541
201
-508
-1822
220
-783
127
474
-59
357
-243
-263
-380
676
753
1025
1513
1625
1496
1606
1771
1624
1355
1634
1718
1498
1096
904
963
797
764
1228
1946
2023
1883
2150
2255
2208
1960
2072
2174
2298
2235
1998
2010
2211
2254
2114
1810
1581
1107
1026
957
748
1476
1896
2180
2223
2121
1925
1761
1804
1833
1877
1794
1613
1314
1060
836
580
562
415
436
481
461
54
-422
-779
-1045
-903
-1147
-1186
-1560
-1374
-1687
-1787
-1954
-2055
-1871
-2294
-2155
-2101
-2171
-2111
-2244
-2141
-2380
-2185
-2524
-2369
-2278
-2480
-2445
-2426
-2406